{
  "nbformat": 4,
  "nbformat_minor": 0,
  "metadata": {
    "colab": {
      "provenance": [],
      "authorship_tag": "ABX9TyNQbGbYIWBst5MkJqXCfyrt",
      "include_colab_link": true
    },
    "kernelspec": {
      "name": "python3",
      "display_name": "Python 3"
    },
    "language_info": {
      "name": "python"
    }
  },
  "cells": [
    {
      "cell_type": "markdown",
      "metadata": {
        "id": "view-in-github",
        "colab_type": "text"
      },
      "source": [
        "<a href=\"https://colab.research.google.com/github/LatiefDataVisionary/matplotlib-with-indonesia-belajar/blob/main/Matplotlib_15_Belajar_3D_Area_Plot.ipynb\" target=\"_parent\"><img src=\"https://colab.research.google.com/assets/colab-badge.svg\" alt=\"Open In Colab\"/></a>"
      ]
    },
    {
      "cell_type": "markdown",
      "source": [
        "## **Matplotlib 15: Belajar 3D Area Plot | 3D Area Chart | Belajar Matplotlib Dasar | Visualisasi Data**\n"
      ],
      "metadata": {
        "id": "lAy-WmF0rhJs"
      }
    },
    {
      "cell_type": "code",
      "execution_count": 2,
      "metadata": {
        "id": "CimYYsq1rgS9",
        "colab": {
          "base_uri": "https://localhost:8080/"
        },
        "outputId": "f86e8545-4bbe-41f7-d370-658d45a1a111"
      },
      "outputs": [
        {
          "output_type": "stream",
          "name": "stdout",
          "text": [
            "3.10.0\n",
            "2.0.2\n"
          ]
        }
      ],
      "source": [
        "import matplotlib\n",
        "import matplotlib.pyplot as plt\n",
        "import numpy as np\n",
        "\n",
        "print(matplotlib.__version__)\n",
        "print(np.__version__)"
      ]
    },
    {
      "cell_type": "markdown",
      "source": [
        "### **Sample Dataset**"
      ],
      "metadata": {
        "id": "VC1xqXd6xp75"
      }
    },
    {
      "cell_type": "code",
      "source": [
        "n = np.linspace(-3.0, 3.0, 100)\n",
        "\n",
        "x, y = np.meshgrid(n, n)\n",
        "z = np.sqrt(x**2 + y**2)"
      ],
      "metadata": {
        "id": "18j9Ok98xx7G"
      },
      "execution_count": 3,
      "outputs": []
    },
    {
      "cell_type": "code",
      "source": [
        "x"
      ],
      "metadata": {
        "colab": {
          "base_uri": "https://localhost:8080/"
        },
        "id": "SEqSG03xykhA",
        "outputId": "71deacc3-9c87-47bf-8a6e-c70399368102"
      },
      "execution_count": 7,
      "outputs": [
        {
          "output_type": "execute_result",
          "data": {
            "text/plain": [
              "array([[-3.        , -2.93939394, -2.87878788, ...,  2.87878788,\n",
              "         2.93939394,  3.        ],\n",
              "       [-3.        , -2.93939394, -2.87878788, ...,  2.87878788,\n",
              "         2.93939394,  3.        ],\n",
              "       [-3.        , -2.93939394, -2.87878788, ...,  2.87878788,\n",
              "         2.93939394,  3.        ],\n",
              "       ...,\n",
              "       [-3.        , -2.93939394, -2.87878788, ...,  2.87878788,\n",
              "         2.93939394,  3.        ],\n",
              "       [-3.        , -2.93939394, -2.87878788, ...,  2.87878788,\n",
              "         2.93939394,  3.        ],\n",
              "       [-3.        , -2.93939394, -2.87878788, ...,  2.87878788,\n",
              "         2.93939394,  3.        ]])"
            ]
          },
          "metadata": {},
          "execution_count": 7
        }
      ]
    },
    {
      "cell_type": "code",
      "source": [
        "x.shape"
      ],
      "metadata": {
        "colab": {
          "base_uri": "https://localhost:8080/"
        },
        "id": "ewTJkzFgyEz3",
        "outputId": "5adb21bc-b9eb-4cdb-9034-7a7602541a20"
      },
      "execution_count": 4,
      "outputs": [
        {
          "output_type": "execute_result",
          "data": {
            "text/plain": [
              "(100, 100)"
            ]
          },
          "metadata": {},
          "execution_count": 4
        }
      ]
    },
    {
      "cell_type": "code",
      "source": [
        "y"
      ],
      "metadata": {
        "colab": {
          "base_uri": "https://localhost:8080/"
        },
        "id": "4HofHwCryi04",
        "outputId": "6522664d-4be3-4033-fc07-554a1d49b044"
      },
      "execution_count": 8,
      "outputs": [
        {
          "output_type": "execute_result",
          "data": {
            "text/plain": [
              "array([[-3.        , -3.        , -3.        , ..., -3.        ,\n",
              "        -3.        , -3.        ],\n",
              "       [-2.93939394, -2.93939394, -2.93939394, ..., -2.93939394,\n",
              "        -2.93939394, -2.93939394],\n",
              "       [-2.87878788, -2.87878788, -2.87878788, ..., -2.87878788,\n",
              "        -2.87878788, -2.87878788],\n",
              "       ...,\n",
              "       [ 2.87878788,  2.87878788,  2.87878788, ...,  2.87878788,\n",
              "         2.87878788,  2.87878788],\n",
              "       [ 2.93939394,  2.93939394,  2.93939394, ...,  2.93939394,\n",
              "         2.93939394,  2.93939394],\n",
              "       [ 3.        ,  3.        ,  3.        , ...,  3.        ,\n",
              "         3.        ,  3.        ]])"
            ]
          },
          "metadata": {},
          "execution_count": 8
        }
      ]
    },
    {
      "cell_type": "code",
      "source": [
        "y.shape"
      ],
      "metadata": {
        "colab": {
          "base_uri": "https://localhost:8080/"
        },
        "id": "u4UOo-kQyGo-",
        "outputId": "91344335-2785-47dd-adf2-e7c44500c7ec"
      },
      "execution_count": 5,
      "outputs": [
        {
          "output_type": "execute_result",
          "data": {
            "text/plain": [
              "(100, 100)"
            ]
          },
          "metadata": {},
          "execution_count": 5
        }
      ]
    },
    {
      "cell_type": "code",
      "source": [
        "z"
      ],
      "metadata": {
        "colab": {
          "base_uri": "https://localhost:8080/"
        },
        "id": "XLCiwl0Aylzv",
        "outputId": "7b7862ab-1029-4c7b-e76e-507260dcd32e"
      },
      "execution_count": 9,
      "outputs": [
        {
          "output_type": "execute_result",
          "data": {
            "text/plain": [
              "array([[4.24264069, 4.20000437, 4.15781429, ..., 4.15781429, 4.20000437,\n",
              "        4.24264069],\n",
              "       [4.20000437, 4.15693077, 4.11429901, ..., 4.11429901, 4.15693077,\n",
              "        4.20000437],\n",
              "       [4.15781429, 4.11429901, 4.07122086, ..., 4.07122086, 4.11429901,\n",
              "        4.15781429],\n",
              "       ...,\n",
              "       [4.15781429, 4.11429901, 4.07122086, ..., 4.07122086, 4.11429901,\n",
              "        4.15781429],\n",
              "       [4.20000437, 4.15693077, 4.11429901, ..., 4.11429901, 4.15693077,\n",
              "        4.20000437],\n",
              "       [4.24264069, 4.20000437, 4.15781429, ..., 4.15781429, 4.20000437,\n",
              "        4.24264069]])"
            ]
          },
          "metadata": {},
          "execution_count": 9
        }
      ]
    },
    {
      "cell_type": "code",
      "source": [
        "z.shape"
      ],
      "metadata": {
        "colab": {
          "base_uri": "https://localhost:8080/"
        },
        "id": "9YL6aWFoyHsN",
        "outputId": "268dbaee-d001-4da6-cbff-1de7182c066e"
      },
      "execution_count": 6,
      "outputs": [
        {
          "output_type": "execute_result",
          "data": {
            "text/plain": [
              "(100, 100)"
            ]
          },
          "metadata": {},
          "execution_count": 6
        }
      ]
    }
  ]
}